impossible
10454	10454	204
impossible
10453	10453	204
impossible
10452	10452	204
impossible
10451	10451	204
impossible
10450	10450	204
impossible
10449	10449	204
impossible
10448	10448	204
impossible
10447	10447	204
impossible
10446	10446	204
impossible
10445	10445	204
impossible
10444	10444	204
impossible
10443	10443	204
impossible
10442	10442	204
impossible
10441	10441	204
impossible
10440	10440	204
impossible
10439	10439	204
impossible
10438	10438	204
impossible
10437	10437	204
impossible
10436	10436	204
impossible
10435	10435	204
impossible
10434	10434	204
impossible
10433	10433	204
impossible
10432	10432	204
impossible
10431	10431	204
impossible
10430	10430	204
impossible
10429	10429	204
impossible
10428	10428	204
impossible
10427	10427	204
impossible
10426	10426	204
impossible
10425	10425	204
impossible
10424	10424	204
impossible
10423	10423	204
impossible
10422	10422	204
impossible
10421	10421	204
impossible
10420	10420	204
impossible
10419	10419	204
impossible
10418	10418	204
impossible
10417	10417	204
impossible
10416	10416	204
impossible
10415	10415	204
impossible
10414	10414	204
impossible
10413	10413	204
impossible
10412	10412	204
impossible
10411	10411	204
impossible
10410	10410	204
impossible
10409	10409	204
impossible
10408	10408	204
impossible
10407	10407	204
impossible
10406	10406	204
impossible
10405	10405	204
impossible
10404	10404	204
impossible
10403	10403	204
impossible
10402	10402	204
impossible
10401	10401	204
impossible
10400	10400	204
impossible
10399	10399	204
impossible
10398	10398	204
impossible
10397	10397	204
impossible
10396	10396	204
impossible
10395	10395	204
impossible
10394	10394	204
impossible
10393	10393	204
impossible
10392	10392	204
impossible
10391	10391	204
impossible
10390	10390	204
impossible
10389	10389	204
impossible
10388	10388	204
impossible
10387	10387	204
impossible
10386	10386	204
impossible
10385	10385	204
impossible
10384	10384	204
impossible
10383	10383	204
impossible
10382	10382	204
impossible
10381	10381	204
impossible
10380	10380	204
impossible
10379	10379	204
impossible
10378	10378	204
impossible
10377	10377	204
impossible
10376	10376	204
impossible
10375	10375	204
impossible
10374	10374	204
impossible
10373	10373	204
impossible
10372	10372	204
impossible
10371	10371	204
impossible
10370	10370	204
impossible
10369	10369	204
impossible
10368	10368	204
impossible
10367	10367	204
impossible
10366	10366	204
impossible
10365	10365	204
impossible
10364	10364	204
impossible
10363	10363	204
impossible
10362	10362	204
impossible
10361	10361	204
impossible
10360	10360	204
impossible
10359	10359	204
impossible
10358	10358	204
impossible
10357	10357	204
impossible
10356	10356	204
impossible
10355	10355	204
impossible
10354	10354	204
impossible
10353	10353	204
10557	10557	205
impossible
10556	10556	205
impossible
10555	10555	205
impossible
10554	10554	205
impossible
10553	10553	205
impossible
10552	10552	205
impossible
10551	10551	205
impossible
10550	10550	205
impossible
10549	10549	205
impossible
10548	10548	205
impossible
10547	10547	205
impossible
10546	10546	205
impossible
10545	10545	205
impossible
10544	10544	205
impossible
10543	10543	205
impossible
10542	10542	205
impossible
10541	10541	205
impossible
10540	10540	205
impossible
10539	10539	205
impossible
10538	10538	205
impossible
10537	10537	205
impossible
10536	10536	205
impossible
10535	10535	205
impossible
10534	10534	205
impossible
10533	10533	205
impossible
10532	10532	205
impossible
10531	10531	205
impossible
10530	10530	205
impossible
10529	10529	205
impossible
10528	10528	205
impossible
10527	10527	205
impossible
10526	10526	205
impossible
10525	10525	205
impossible
10524	10524	205
impossible
10523	10523	205
impossible
10522	10522	205
impossible
10521	10521	205
impossible
10520	10520	205
impossible
10519	10519	205
impossible
10518	10518	205
impossible
10517	10517	205
impossible
10516	10516	205
impossible
10515	10515	205
impossible
10514	10514	205
impossible
10513	10513	205
impossible
10512	10512	205
impossible
10511	10511	205
impossible
10510	10510	205
impossible
10509	10509	205
impossible
10508	10508	205
impossible
10507	10507	205
impossible
10506	10506	205
impossible
10505	10505	205
impossible
10504	10504	205
impossible
10503	10503	205
impossible
10502	10502	205
impossible
10501	10501	205
impossible
10500	10500	205
impossible
10499	10499	205
impossible
10498	10498	205
impossible
10497	10497	205
impossible
10496	10496	205
impossible
10495	10495	205
impossible
10494	10494	205
impossible
10493	10493	205
impossible
10492	10492	205
impossible
10491	10491	205
impossible
10490	10490	205
impossible
10489	10489	205
impossible
10488	10488	205
impossible
10487	10487	205
impossible
10486	10486	205
impossible
10485	10485	205
impossible
10484	10484	205
impossible
10483	10483	205
impossible
10482	10482	205
impossible
10481	10481	205
impossible
10480	10480	205
impossible
10479	10479	205
impossible
10478	10478	205
impossible
10477	10477	205
impossible
10476	10476	205
impossible
10475	10475	205
impossible
10474	10474	205
impossible
10473	10473	205
impossible
10472	10472	205
impossible
10471	10471	205
impossible
10470	10470	205
impossible
10469	10469	205
impossible
10468	10468	205
impossible
10467	10467	205
impossible
10466	10466	205
impossible
10465	10465	205
impossible
10464	10464	205
impossible
10463	10463	205
impossible
10462	10462	205
impossible
10461	10461	205
impossible
10460	10460	205
impossible
10459	10459	205
impossible
10458	10458	205
impossible
10457	10457	205
impossible
10456	10456	205
impossible
10455	10455	205
10660	10660	206
impossible
10659	10659	206
impossible
10658	10658	206
impossible
10657	10657	206
impossible
10656	10656	206
impossible
10655	10655	206
impossible
10654	10654	206
impossible
10653	10653	206
impossible
10652	10652	206
impossible
10651	10651	206
impossible
10650	10650	206
impossible
10649	10649	206
impossible
10648	10648	206
impossible
10647	10647	206
impossible
10646	10646	206
impossible
10645	10645	206
impossible
10644	10644	206
impossible
10643	10643	206
impossible
10642	10642	206
impossible
10641	10641	206
impossible
10640	10640	206
impossible
10639	10639	206
impossible
10638	10638	206
impossible
10637	10637	206
impossible
10636	10636	206
impossible
10635	10635	206
impossible
10634	10634	206
impossible
10633	10633	206
impossible
10632	10632	206
impossible
10631	10631	206
impossible
10630	10630	206
impossible
10629	10629	206
impossible
10628	10628	206
impossible
10627	10627	206
impossible
10626	10626	206
impossible
10625	10625	206
impossible
10624	10624	206
impossible
10623	10623	206
impossible
10622	10622	206
impossible
10621	10621	206
impossible
10620	10620	206
impossible
10619	10619	206
impossible
10618	10618	206
impossible
10617	10617	206
impossible
10616	10616	206
impossible
10615	10615	206
impossible
10614	10614	206
impossible
10613	10613	206
impossible
10612	10612	206
impossible
10611	10611	206
impossible
10610	10610	206
impossible
10609	10609	206
impossible
10608	10608	206
impossible
10607	10607	206
impossible
10606	10606	206
impossible
10605	10605	206
impossible
10604	10604	206
impossible
10603	10603	206
impossible
10602	10602	206
impossible
10601	10601	206
impossible
10600	10600	206
impossible
10599	10599	206
impossible
10598	10598	206
impossible
10597	10597	206
impossible
10596	10596	206
impossible
10595	10595	206
impossible
10594	10594	206
impossible
10593	10593	206
impossible
10592	10592	206
impossible
10591	10591	206
impossible
10590	10590	206
impossible
10589	10589	206
impossible
10588	10588	206
impossible
10587	10587	206
impossible
10586	10586	206
impossible
10585	10585	206
impossible
10584	10584	206
impossible
10583	10583	206
impossible
10582	10582	206
impossible
10581	10581	206
impossible
10580	10580	206
impossible
10579	10579	206
impossible
10578	10578	206
impossible
10577	10577	206
impossible
10576	10576	206
impossible
10575	10575	206
impossible
10574	10574	206
impossible
10573	10573	206
impossible
10572	10572	206
impossible
10571	10571	206
impossible
10570	10570	206
impossible
10569	10569	206
impossible
10568	10568	206
impossible
10567	10567	206
impossible
10566	10566	206
impossible
10565	10565	206
impossible
10564	10564	206
impossible
10563	10563	206
impossible
10562	10562	206
impossible
10561	10561	206
impossible
10560	10560	206
impossible
10559	10559	206
impossible
10558	10558	206
impossible
impossible
10763	10763	207
impossible
10762	10762	207
impossible
10761	10761	207
impossible
10760	10760	207
impossible
10759	10759	207
impossible
10758	10758	207
impossible
10757	10757	207
impossible
10756	10756	207
impossible
10755	10755	207
impossible
10754	10754	207
impossible
10753	10753	207
impossible
10752	10752	207
impossible
10751	10751	207
impossible
10750	10750	207
impossible
10749	10749	207
impossible
10748	10748	207
impossible
10747	10747	207
impossible
10746	10746	207
impossible
10745	10745	207
impossible
10744	10744	207
impossible
10743	10743	207
impossible
10742	10742	207
impossible
10741	10741	207
impossible
10740	10740	207
impossible
10739	10739	207
impossible
10738	10738	207
impossible
10737	10737	207
impossible
10736	10736	207
impossible
10735	10735	207
impossible
10734	10734	207
impossible
10733	10733	207
impossible
10732	10732	207
impossible
10731	10731	207
impossible
10730	10730	207
impossible
10729	10729	207
impossible
10728	10728	207
impossible
10727	10727	207
impossible
10726	10726	207
impossible
10725	10725	207
impossible
10724	10724	207
impossible
10723	10723	207
impossible
10722	10722	207
impossible
10721	10721	207
impossible
10720	10720	207
impossible
10719	10719	207
impossible
10718	10718	207
impossible
10717	10717	207
impossible
10716	10716	207
impossible
10715	10715	207
impossible
10714	10714	207
impossible
10713	10713	207
impossible
10712	10712	207
impossible
10711	10711	207
impossible
10710	10710	207
impossible
10709	10709	207
impossible
10708	10708	207
impossible
10707	10707	207
impossible
10706	10706	207
impossible
10705	10705	207
impossible
10704	10704	207
impossible
10703	10703	207
impossible
10702	10702	207
impossible
10701	10701	207
impossible
10700	10700	207
impossible
10699	10699	207
impossible
10698	10698	207
impossible
10697	10697	207
impossible
10696	10696	207
impossible
10695	10695	207
impossible
10694	10694	207
impossible
10693	10693	207
impossible
10692	10692	207
impossible
10691	10691	207
impossible
10690	10690	207
impossible
10689	10689	207
impossible
10688	10688	207
impossible
10687	10687	207
impossible
10686	10686	207
impossible
10685	10685	207
impossible
10684	10684	207
impossible
10683	10683	207
impossible
10682	10682	207
impossible
10681	10681	207
impossible
10680	10680	207
impossible
10679	10679	207
impossible
10678	10678	207
impossible
10677	10677	207
impossible
10676	10676	207
impossible
10675	10675	207
impossible
10674	10674	207
impossible
10673	10673	207
impossible
10672	10672	207
impossible
10671	10671	207
impossible
10670	10670	207
impossible
10669	10669	207
impossible
10668	10668	207
impossible
10667	10667	207
impossible
10666	10666	207
impossible
10665	10665	207
impossible
10664	10664	207
impossible
10663	10663	207
impossible
10662	10662	207
impossible
10661	10661	207
impossible
